2.420581e+01 1.313193e+02
2.521460e+01 1.442327e+02
3.030713e+01 3.751652e+01
3.111444e+01 2.004154e+01
2.960964e+01 1.953476e+02
3.043641e+01 1.087662e+02
3.023154e+01 9.286658e+01
3.082952e+01 5.077176e+01
3.251897e+01 1.777159e+02
3.264569e+01 1.237373e+02
3.906305e+01 1.623582e+02
3.845609e+01 2.094954e+02
3.764302e+01 1.378931e+02
4.712171e+01 1.487999e+02
4.061870e+01 2.325677e+01
4.191664e+01 4.320298e+01
4.275942e+01 5.452946e+01
4.284477e+01 7.340343e+01
4.271036e+01 9.163813e+01
4.455851e+01 1.199496e+02
4.480911e+01 1.922720e+02
5.044906e+01 6.086339e+01
4.568657e+01 1.768080e+02
4.978425e+01 2.934615e+01
5.223836e+01 1.062571e+02
5.626935e+01 1.315562e+02
5.547417e+01 1.667870e+02
5.443621e+01 8.026735e+01
5.623792e+01 2.086248e+02
5.510207e+01 4.222409e+01
5.959102e+01 1.951035e+02
5.755425e+01 9.121614e+01
6.033458e+01 1.820387e+02
6.185995e+01 1.552772e+02
6.365170e+01 6.680553e+01
6.706300e+01 5.091569e+01
6.540000e+01 3.345525e+01
6.684832e+01 1.095340e+02
6.850030e+01 1.452871e+02
6.844814e+01 7.755591e+01
7.045376e+01 9.142238e+01
6.999617e+01 1.736700e+02
7.377337e+01 1.219338e+02
7.157261e+01 1.343008e+02
7.212826e+01 2.080053e+02
7.386173e+01 1.592442e+02
7.910207e+01 1.842258e+02
7.769229e+01 6.166929e+01
7.590511e+01 3.426773e+01
8.176611e+01 1.965560e+02
7.989385e+01 1.017537e+02
8.106180e+01 8.130759e+01
8.460371e+01 4.333172e+01
8.290351e+01 1.689569e+02
8.572925e+01 2.439211e+01
8.445195e+01 1.128412e+02
8.333972e+01 1.466905e+02
8.784111e+01 7.050591e+01
8.417245e+01 1.342982e+02
8.721699e+01 2.159195e+02
8.651104e+01 9.202685e+01
9.172614e+01 5.757768e+01
9.548720e+01 1.555177e+02
9.115722e+01 1.242994e+02
9.389471e+01 2.017372e+02
9.521168e+01 1.087184e+02
9.646365e+01 1.858103e+02
9.665210e+01 3.449850e+01
9.847312e+01 7.973245e+01
9.544585e+01 1.715115e+02
9.752516e+01 9.565174e+01
9.662974e+01 1.365817e+02
1.005098e+02 4.728896e+01
1.015382e+02 1.173883e+02
1.067810e+02 6.398680e+01
1.058147e+02 2.106208e+02
1.071088e+02 1.015768e+02
1.099033e+02 1.228663e+02
1.108204e+02 1.985390e+02
1.083386e+02 2.877600e+01
1.073301e+02 1.745705e+02
1.072779e+02 1.362422e+02
1.096417e+02 1.882977e+02
1.121373e+02 8.447278e+01
1.133241e+02 1.607433e+02
1.128427e+02 3.996781e+01
1.145410e+02 5.161398e+01
1.189235e+02 1.417282e+02
1.149989e+02 1.073443e+02
1.197200e+02 2.095698e+02
1.211298e+02 1.144816e+02
1.199749e+02 1.772393e+02
1.224715e+02 2.581175e+01
1.228273e+02 6.580699e+01
1.244734e+02 9.757403e+01
1.253569e+02 1.252355e+02
1.277864e+02 1.531014e+02
1.263177e+02 7.909479e+01
1.255273e+02 3.869750e+01
1.271222e+02 2.000597e+02
1.287957e+02 5.156023e+01
1.297350e+02 1.819229e+02
1.328950e+02 1.660246e+02
1.378527e+02 1.885734e+02
1.329928e+02 2.143100e+02
1.350944e+02 8.823980e+01
1.360941e+02 1.118035e+02
1.413131e+02 1.343667e+02
1.373927e+02 3.929542e+01
1.390451e+02 2.436817e+01
1.381410e+02 6.445611e+01
1.392304e+02 2.020787e+02
1.442974e+02 1.549088e+02
1.483171e+02 7.901138e+01
1.455443e+02 1.021739e+02
1.456337e+02 5.456204e+01
1.469694e+02 1.723217e+02
1.489313e+02 2.129391e+02
1.487669e+02 9.151739e+01
1.510344e+02 1.143555e+02
1.526201e+02 4.462439e+01
1.504976e+02 3.116846e+01
1.518645e+02 1.914548e+02
1.545954e+02 6.798052e+01
1.579426e+02 1.430393e+02
1.607495e+02 1.232292e+02
1.579778e+02 9.871605e+01
1.600134e+02 2.020468e+02
1.654776e+02 1.545571e+02
1.630507e+02 5.515179e+01
1.628573e+02 1.842794e+02
1.630102e+02 3.540260e+01
1.686569e+02 1.710177e+02
1.640883e+02 8.765203e+01
1.631310e+02 2.155330e+02
1.671984e+02 1.043707e+02
1.706459e+02 2.561887e+01
1.734893e+02 6.633856e+01
1.723973e+02 8.234815e+01
1.718274e+02 1.966954e+02
1.743373e+02 1.315965e+02
1.731460e+02 2.106805e+02
1.776285e+02 3.951496e+01
1.772567e+02 1.070936e+02
1.773060e+02 1.847015e+02
1.790583e+02 5.286729e+01
1.838320e+02 1.582059e+02
1.845002e+02 7.716279e+01
1.818282e+02 2.013673e+02
1.892368e+02 8.898539e+01
1.874009e+02 1.159592e+02
1.876132e+02 1.777507e+02
1.894298e+02 1.908748e+02
1.897338e+02 2.105835e+02
1.917635e+02 6.584823e+01
1.931167e+02 4.053756e+01
1.934403e+02 5.331923e+01
1.959732e+02 1.673187e+02
1.976283e+02 1.999031e+02
1.986082e+02 2.217043e+02
1.995883e+02 1.788281e+02
2.039950e+02 1.893551e+02
