2.460463e+01 1.482818e+02
2.482406e+01 1.962869e+02
2.293957e+01 9.366911e+01
2.353681e+01 1.309557e+02
2.866382e+01 1.087633e+02
2.751438e+01 1.781508e+02
3.126793e+01 4.921698e+01
3.477221e+01 5.968656e+01
2.994353e+01 1.221046e+02
3.393352e+01 3.288154e+01
3.323701e+01 8.907152e+01
3.465427e+01 7.093194e+01
3.614250e+01 1.580447e+02
3.390966e+01 2.129481e+02
3.881557e+01 1.353967e+02
3.745137e+01 1.891681e+02
4.054194e+01 1.743849e+02
4.272619e+01 1.193842e+02
4.353509e+01 8.015725e+01
4.764024e+01 1.059300e+02
4.743680e+01 3.682124e+01
4.965954e+01 1.924437e+02
4.916231e+01 2.109530e+02
4.803145e+01 9.242467e+01
5.064698e+01 6.543318e+01
5.125985e+01 1.692874e+02
5.494787e+01 5.059420e+01
5.552630e+01 1.416144e+02
5.138144e+01 1.549714e+02
5.656439e+01 1.266492e+02
5.713178e+01 7.922574e+01
5.967102e+01 3.141361e+01
6.197808e+01 9.436265e+01
6.221428e+01 1.111244e+02
6.507425e+01 6.245700e+01
6.407774e+01 1.654567e+02
6.573079e+01 2.021472e+02
6.699438e+01 1.816749e+02
6.551507e+01 1.520195e+02
7.084221e+01 2.344233e+01
7.072462e+01 4.230104e+01
7.164004e+01 8.276833e+01
7.258038e+01 1.033797e+02
7.296210e+01 1.221247e+02
7.372348e+01 1.339232e+02
7.432225e+01 1.447429e+02
7.906064e+01 6.880304e+01
7.614781e+01 1.125620e+02
7.810950e+01 1.584045e+02
7.710701e+01 1.720264e+02
8.026718e+01 5.574140e+01
7.878286e+01 9.405968e+01
8.197946e+01 2.125763e+02
8.364458e+01 1.862686e+02
8.230959e+01 3.360976e+01
8.909943e+01 1.978523e+02
8.787705e+01 4.547967e+01
9.030827e+01 7.973819e+01
8.710268e+01 1.105396e+02
8.677119e+01 1.454187e+02
8.827178e+01 1.248350e+02
8.916140e+01 9.714346e+01
8.761430e+01 1.339584e+02
8.901259e+01 1.702777e+02
9.889077e+01 1.566508e+02
9.592802e+01 6.081544e+01
9.629382e+01 1.180821e+02
9.424867e+01 2.982967e+01
9.943164e+01 3.971802e+01
1.006885e+02 2.048132e+02
1.019426e+02 1.380068e+02
9.980950e+01 1.026733e+02
1.040378e+02 1.844086e+02
1.011890e+02 1.709691e+02
1.035839e+02 4.999819e+01
1.040771e+02 8.477709e+01
1.092517e+02 1.236461e+02
1.119252e+02 6.345826e+01
1.085399e+02 2.185476e+02
1.090912e+02 1.074879e+02
1.151664e+02 1.965760e+02
1.116346e+02 3.737664e+01
1.157450e+02 7.718819e+01
1.126828e+02 1.736630e+02
1.176192e+02 9.715393e+01
1.175169e+02 2.104904e+02
1.167623e+02 4.962641e+01
1.184525e+02 1.138012e+02
1.182021e+02 1.608764e+02
1.198238e+02 1.401050e+02
1.228047e+02 3.884725e+01
1.259984e+02 8.557577e+01
1.262428e+02 1.247049e+02
1.259145e+02 1.761765e+02
1.304265e+02 1.531061e+02
1.265312e+02 6.434798e+01
1.298147e+02 1.953198e+02
1.316515e+02 5.238329e+01
1.315820e+02 2.099886e+02
1.326614e+02 1.098480e+02
1.371590e+02 1.818974e+02
1.345721e+02 3.089143e+01
1.389648e+02 4.428303e+01
1.395319e+02 8.086390e+01
1.419953e+02 9.788458e+01
1.374162e+02 1.314350e+02
1.369423e+02 1.668755e+02
1.407786e+02 6.675325e+01
1.452850e+02 1.390135e+02
1.442266e+02 1.905898e+02
1.455402e+02 1.179451e+02
1.466415e+02 1.556072e+02
1.470477e+02 2.029194e+02
1.446192e+02 2.147950e+02
1.476272e+02 3.539832e+01
1.496424e+02 5.610127e+01
1.511855e+02 1.722407e+02
1.520426e+02 2.365804e+01
1.572076e+02 8.710377e+01
1.580656e+02 1.060690e+02
1.582310e+02 1.442726e+02
1.594417e+02 1.236566e+02
1.586190e+02 2.129115e+02
1.623214e+02 6.886104e+01
1.595627e+02 1.918352e+02
1.604285e+02 4.121266e+01
1.686450e+02 1.549537e+02
1.654468e+02 5.420617e+01
1.704406e+02 1.850947e+02
1.716034e+02 1.717233e+02
1.701811e+02 2.618931e+01
1.728298e+02 1.330585e+02
1.692180e+02 2.014142e+02
1.724408e+02 8.283801e+01
1.700598e+02 2.161718e+02
1.715364e+02 1.076292e+02
1.768055e+02 4.131671e+01
1.802671e+02 6.689415e+01
1.773048e+02 2.091243e+02
1.804844e+02 5.149652e+01
1.841481e+02 1.186861e+02
1.800871e+02 1.966347e+02
1.856924e+02 8.825803e+01
1.824605e+02 1.029739e+02
1.867195e+02 1.576489e+02
1.890551e+02 2.181736e+02
1.881515e+02 1.813215e+02
1.885290e+02 3.029768e+01
1.890653e+02 2.030225e+02
1.892401e+02 5.392943e+01
1.940181e+02 6.519454e+01
1.970533e+02 1.919895e+02
1.996064e+02 2.114737e+02
1.990259e+02 5.496426e+01
